16
-40 -40 -40
-40 40 -40
40 40 -40
40 -40 -40
-40 -40 40
-40 40 40
40 40 40
40 -40 40
-20 -20 -20
-20 20 -20
20 20 -20
20 -20 -20
-20 -20 20
-20 20 20
20 20 20
20 -20 20
32
0 1
1 2
2 3
3 0

4 5
5 6
6 7
7 4

3 4
2 5
1 6
0 7

8 9
9 10
10 11
11 8

12 13
13 14
14 15
15 12

8 15
9 14
10 13
11 12

0 8
1 9
2 10
3 11

4 12
5 13
6 14
7 15

//

12
-50 0 -100
50 0 -100
0 -100 -50
0 100 -50
100 -50 0
100 50 0
-100 -50 0
-100 50 0
0 -100 50
0 100 50
-50 0 100
50 0 100

30
0 1
0 2
1 2
0 3
1 3
4 5
6 7
1 4
2 4
1 5
3 5
0 6
2 6
0 7
3 7
2 8
4 8
6 8
3 9
5 9
7 9
10 11
6 10
7 10
8 10
9 10
4 11
5 11
8 11
9 11
